70 0
10 1
10 0
20 0
40 0
30 0
50 0
50 0
10 0
40 0
10 0
10 0
20 2
20 0
10 0
10 1
10 0
10 0
10 0
50 0
10 1
10 1
70 0
10 0
20 0
80 0
10 0
10 0
40 0
10 0
20 0
10 1
30 0
10 0
10 2
50 0
10 0
20 0
10 0
20 0
10 0
10 0
20 0
10 0
20 1
10 2
60 1
60 1
10 2
70 0
10 4
10 0
10 0
20 0
20 0
10 0
20 0
20 0
10 0
60 0
10 0
20 0
10 0
10 0
10 0
10 0
20 0
10 0
10 0
20 0
10 0
10 1
60 0
10 0
70 0
10 0
10 2
20 0
10 0
10 0
30 0
10 0
60 0
90 1
10 10
20 1
10 14
10 10
10 2
20 4
20 0
10 1
30 0
10 1
10 18
10 0
20 0
10 1
10 0
10 0
10 0
50 0
10 0
10 0
80 0
10 0
10 0
20 0
20 0
10 1
10 0
20 0
60 0
10 0
50 0
20 0
10 1
10 3
70 0
10 1
10 1
10 2
80 0
10 0
10 0
20 0
10 0
10 0
20 0
10 1
10 1
10 1
50 0
10 0
20 0
10 0
10 1
10 0
10 0
10 0
70 0
10 0
20 0
20 0
20 0
10 0
10 0
20 0
10 0
40 0
10 0
10 1
10 0
80 0
20 0
20 0
50 0
10 0
10 0
20 0
20 0
10 1
10 0
10 0
10 0
90 0
10 0
20 0
20 0
10 0
20 0
10 0
20 1
30 0
20 1
40 0
10 2
10 2
10 0
10 0
10 0
10 0
80 0
10 0
20 0
10 0
10 0
10 0
10 0
50 0
20 0
70 0
10 0
70 0
20 0
10 0
20 0
10 0
10 0
10 0
10 0
10 1
60 1
10 4
10 1
30 3
10 4
10 7
20 0
20 0
20 0
10 0
20 0
20 2
20 0
10 0
20 1
10 1
10 2
90 0
30 0
20 0
20 0
10 2
10 1
10 5
10 0
10 0
20 1
20 0
10 0
10 6
20 0
10 0
20 0
10 4
10 6
10 5
40 0
10 8
10 2
10 8
70 0
10 12
20 1
20 1
70 0
10 0
20 0
30 0
20 0
10 0
10 0
10 0
10 0
40 0
10 0
10 0
20 4
10 0
20 0
10 0
20 0
10 0
10 0
10 0
10 0
10 0
10 1
10 0
10 0
10 0
10 0
60 0
10 0
10 0
20 0
10 2
40 0
10 0
20 0
10 0
80 0
10 2
20 0
10 1
30 0
20 1
20 2
10 8
10 3
10 2
20 1
20 0
10 4
10 7
10 9
10 1
10 7
20 0
10 0
10 0
20 0
40 0
10 0
10 0
10 0
10 0
10 0
60 0
50 0
20 0
10 0
90 0
10 0
10 1
30 0
10 1
40 0
10 0
30 0
40 1
10 0
20 3
30 0
40 0
10 0
10 0
10 0
10 0
10 0
30 0
60 0
10 0
10 0
10 0
10 0
10 1
10 0
90 0
20 0
50 1
10 0
10 0
90 0
10 0
10 1
60 0
10 0
60 0
10 0
10 0
10 3
10 2
10 1
20 0
20 0
10 2
10 0
10 0
50 0
20 0
10 0
30 0
10 0
10 0
30 0
20 0
10 0
10 0
10 0
20 0
10 0
60 0
20 0
70 0
10 0
50 0
10 0
10 0
10 0
20 0
10 0
60 0
10 0
10 0
20 0
10 0
20 0
10 0
10 0
20 0
10 0
40 0
10 0
10 0
10 0
10 0
10 0
20 0
20 0
10 0
20 0
10 1
50 0
20 0
20 1
20 0
30 0
10 0
10 3
20 0
10 1
20 0
20 0
10 0
10 0
20 1
60 0
20 0
10 0
10 0
10 0
10 0
10 0
10 2
10 3
20 0
10 4
10 4
10 8
20 0
40 0
20 2
10 7
20 1
10 6
10 1
10 1
10 1
20 0
10 1
70 0
10 0
20 0
20 0
10 0
40 0
10 0
50 0
40 0
20 0
10 0
10 0
30 0
30 0
10 2
20 0
10 0
10 0
10 0
20 1
30 1
60 0
50 0
10 3
10 2
10 3
20 0
20 1
10 0
10 0
10 0
10 0
20 0
20 0
20 0
30 0
20 0
10 0
10 0
70 0
10 0
10 1
20 0
20 1
50 0
10 0
10 4
20 0
20 0
10 1
20 2
10 4
10 7
10 1
10 0
20 0
20 0
10 0
20 0
20 0
10 2
10 4
20 1
10 8
20 0
20 0
10 4
10 3
10 0
20 0
10 3
20 0
10 1
10 0
20 0
20 0
10 1
20 0
10 2
10 3
10 1
20 0
10 1
10 7
10 0
20 0
20 3
20 1
10 0
20 0
10 2
10 0
20 0
20 0
10 5
10 8
10 4
10 6
20 0
10 4
10 6
10 1
20 0
10 0
10 0
20 0
30 0
10 0
30 0
20 0
40 0
60 0
10 0
10 0
20 0
20 0
30 0
70 0
10 0
10 0
20 0
20 0
20 0
20 0
10 0
50 0
10 0
10 0
90 0
60 0
10 0
10 0
20 0
50 0
20 0
10 0
10 0
10 0
20 0
70 0
20 0
10 5
50 1
10 3
10 9
60 0
10 13
20 1
10 14
10 11
10 9
10 3
10 7
10 7
10 3
20 1
10 15
20 1
20 0
10 6
10 3
10 10
10 4
10 1
10 0
10 0
10 0
50 0
20 1
10 0
70 0
20 0
10 1
10 0
20 0
50 0
20 0
10 0
10 0
60 0
10 0
70 0
20 0
50 0
10 0
10 1
10 0
10 0
10 0
10 1
10 0
10 1
10 2
20 0
10 2
30 2
30 0
10 2
40 1
10 0
20 4
20 4
10 0
10 0
10 0
10 1
10 0
10 0
20 0
10 0
10 0
20 0
20 0
10 0
10 1
20 0
10 0
20 0
20 1
10 0
10 0
10 1
20 0
20 0
20 1
20 0
10 5
20 0
10 2
20 0
10 3
10 6
10 1
10 0
20 0
10 0
10 1
10 0
20 0
70 0
10 0
10 0
10 0
60 0
10 1
20 3
70 0
20 2
20 4
10 10
20 1
10 11
10 13
10 2
20 1
10 0
10 1
10 0
30 0
70 0
10 7
80 2
20 0
60 0
10 8
10 7
10 4
70 0
10 11
10 1
30 0
10 0
10 1
20 0
10 0
10 0
10 1
70 0
20 0
20 0
10 3
20 0
10 1
10 0
40 0
20 1
20 0
70 0
10 2
60 0
20 0
20 0
10 0
10 0
10 0
20 0
10 0
10 0
10 0
10 0
20 0
10 0
10 0
10 0
10 0
10 0
10 1
10 0
20 2
10 0
10 0
10 0
10 0
20 0
10 0
10 0
20 0
10 0
20 0
20 0
50 0
10 0
10 1
10 0
10 0
20 0
20 0
10 0
20 0
10 0
10 0
10 0
10 0
80 0
10 0
20 0
10 0
20 0
50 0
20 0
10 0
10 0
20 0
20 0
10 0
10 0
60 0
10 0
20 0
10 0
20 0
10 0
20 0
20 0
10 0
80 0
20 0
10 0
10 0
60 0
20 0
10 0
10 1
10 1
10 1
10 2
10 1
80 0
10 0
20 0
10 0
10 0
10 0
10 0
20 0
10 0
20 1
20 0
10 2
20 0
20 1
90 0
20 2
20 4
10 5
10 1
20 4
20 0
20 0
10 0
10 5
10 0
10 2
20 0
10 0
10 0
10 0
20 0
10 0
10 0
50 0
10 0
20 0
10 0
10 0
10 0
20 0
10 0
20 1
20 0
10 4
20 0
50 1
10 1
10 3
10 6
10 0
20 0
50 0
10 0
20 0
10 0
10 0
10 0
10 0
40 0
20 0
10 0
10 0
10 0
10 0
10 0
10 0
80 0
10 0
80 0
30 0
20 0
20 0
10 0
20 0
10 0
20 0
10 0
20 0
20 0
10 0
10 0
10 0
20 0
10 0
10 0
10 0
70 0
20 4
40 0
10 7
20 3
60 2
20 0
80 0
10 0
10 0
20 0
70 0
20 0
40 0
10 0
20 0
20 0
20 0
10 0
20 1
10 0
20 0
10 0
10 0
10 0
10 0
20 0
10 0
10 0
10 0
10 0
80 0
10 1
10 0
10 0
20 0
30 0
10 0
10 0
10 0
80 0
10 0
10 0
20 0
10 0
10 0
20 0
20 0
10 0
10 0
10 0
20 0
10 0
10 0
10 0
20 0
10 0
20 0
20 0
20 0
20 0
80 0
10 0
20 0
20 0
10 0
20 1
70 0
20 1
20 5
60 1
10 1
40 0
10 1
20 0
70 0
30 0
10 8
50 0
10 17
20 7
10 1
80 0
80 0
20 0
10 0
10 2
50 0
10 0
20 0
30 0
20 0
10 0
20 0
20 0
10 0
10 1
10 0
10 0
10 1
10 0
40 0
10 0
10 0
60 0
